<!DOCTYPE html>
<html lang="ja">
<head>
  <meta charset="UTF-8">
  <meta name="author" content="aoi kubo" />
  <meta name="description" content="久保碧衣のポートフォリオ" />
  <meta name="viewport" content="width=device-width" />
  <title>King W Stone | portfolio site</title>
  <link href="https://use.fontawesome.com/releases/v5.6.1/css/all.css" rel="stylesheet">
  <!-- <link rel="preconnect" href="https://fonts.gstatic.com"> -->
  <!-- <link href="https://fonts.googleapis.com/css2?family=Bowlby+One+SC&display=swap" rel="stylesheet"> -->
  <link rel="stylesheet" type="text/css" href="https://cdnjs.cloudflare.com/ajax/libs/Swiper/6.5.8/swiper-bundle.min.css">
  <link rel="shortcut icon" href="./img/favicon.ico"/>
  <link rel="stylesheet" href="css/circle.css" media="all" />
  <link rel="stylesheet" href="css/reset.css" media="all" />
  <script>
    (function(d) {
      var config = {
        kitId: 'rdh5dyc',
        scriptTimeout: 3000,
        async: true
      },
      h=d.documentElement,t=setTimeout(function(){h.className=h.className.replace(/\bwf-loading\b/g,"")+" wf-inactive";},config.scriptTimeout),tk=d.createElement("script"),f=false,s=d.getElementsByTagName("script")[0],a;h.className+=" wf-loading";tk.src='https://use.typekit.net/'+config.kitId+'.js';tk.async=true;tk.onload=tk.onreadystatechange=function(){a=this.readyState;if(f||a&&a!="complete"&&a!="loaded")return;f=true;clearTimeout(t);try{Typekit.load(config)}catch(e){}};s.parentNode.insertBefore(tk,s)
    })(document);
  </script>
</head>
<body class="circle">
  <section class="section">
    <!-- Slider main container -->
    <div class="swiper-container">
      <!-- Additional required wrapper -->
      <header class="header">
        <h1 class="header-logo">
          <a href="./index.html"><img src="./img/logo-main.black.png" alt="ロゴの写真"></a>
        </h1>
      </header>
      <div class="swiper-wrapper">
        <!-- Slides -->
        <div class="swiper-slide">
          <a href="./profile.html">
            <h2>Aoi Kubo</h2>
            <div class="img"><img src="./img/undraw_Dev_focus_re_6iwt.png" alt=""></div>
            <span></span>
            <h3>a short introduction page</h3>
            <svg viewBox="0 0 550 550" xmlns="http://www.w3.org/2000/svg" xmlns:xlink="http://www.w3.org/1999/xlink" width="500">
              <path id="blob" d="M422.5,351Q367,452,257.5,439Q148,426,82.5,338Q17,250,75,149Q133,48,246.5,54Q360,60,419,155Q478,250,422.5,351Z" fill="#fade9e">
                <animate 
                attributeName="d"
                repeatCount="indefinite"
                dur="25s"
                values="M427.40001,346.42631Q361.93684,442.85263,249.56316,443.75789Q137.18948,444.66315,92.64737,347.33157Q48.10527,250,86.83157,141.61051Q125.55788,33.22103,248.92631,35.34735Q372.29475,37.47367,432.57896,143.73683Q492.86318,250,427.40001,346.42631Z;
                M424.5,351.5Q367,453,257,441Q147,429,87,339.5Q27,250,86,159Q145,68,251.5,65.5Q358,63,420,156.5Q482,250,424.5,351.5Z;
                M411.67519,349.65964Q365.15964,449.31928,249.57982,450.15964Q134,451,83.18072,350.5Q32.36144,250,88.97339,159.50553Q145.58535,69.01105,254.73946,61.08535Q363.89357,53.15964,411.04216,151.57982Q458.19075,250,411.67519,349.65964Z;
                M410.29096,351.5Q367,453,258.57878,438.3687Q150.15756,423.73739,95.94643,336.8687Q41.7353,250,92.31513,157.42122Q142.89496,64.84244,254.1313,58.13235Q365.36765,51.42226,409.47478,150.71113Q453.58192,250,410.29096,351.5Z;
                M408,350Q365,450,246.5,455.5Q128,461,85.5,355.5Q43,250,95,160.5Q147,71,252.5,67Q358,63,404.5,156.5Q451,250,408,350Z;
                M409.5,341Q355,432,246.5,438Q138,444,82,347Q26,250,79,148Q132,46,243,58Q354,70,409,160Q464,250,409.5,341Z;
                M425.5,351Q367,452,253.5,446Q140,440,75.5,345Q11,250,70.5,145.5Q130,41,249,43.5Q368,46,426,148Q484,250,425.5,351Z;
                M410,338Q352,426,239.5,444.5Q127,463,72,356.5Q17,250,81,159Q145,68,253.5,61.5Q362,55,415,152.5Q468,250,410,338Z;
                M422.5,351Q367,452,257.5,439Q148,426,82.5,338Q17,250,75,149Q133,48,246.5,54Q360,60,419,155Q478,250,422.5,351Z;
                M425.18852,353.0202Q369.02693,456.0404,256.9798,444.07406Q144.93267,432.10773,79.79128,341.05386Q14.64989,250,72.23742,145.33841Q129.82495,40.67682,247.91921,44.31148Q366.01347,47.94614,423.68179,148.97307Q481.35011,250,425.18852,353.0202Z;
                M420,342.5Q357,435,242,448.5Q127,462,76.5,356Q26,250,84.5,157Q143,64,250,64Q357,64,420,157Q483,250,420,342.5Z;
                M429.5,348Q363,446,255.5,436.5Q148,427,84,338.5Q20,250,80.5,156Q141,62,255.5,52Q370,42,433,146Q496,250,429.5,348Z">
              </path>
            </svg>
          </a>
        </div>
        <div class="swiper-slide">
          <a href="./service.html">
            <h2>ServicE</h2>
            <div class="img">
              <img src="./img/undraw_services_5tv9.png" alt="">
            </div>
            <span></span>
            <h3>flow to complete the website</h3>
            <svg viewBox="0 0 550 550" xmlns="http://www.w3.org/2000/svg" xmlns:xlink="http://www.w3.org/1999/xlink" width="500">
                <path id="blob" d="M422.5,351Q367,452,257.5,439Q148,426,82.5,338Q17,250,75,149Q133,48,246.5,54Q360,60,419,155Q478,250,422.5,351Z" fill="#ea756d">
                  <animate 
                  attributeName="d"
                  repeatCount="indefinite"
                  dur="25s"
                  values="
                  M411.67519,349.65964Q365.15964,449.31928,249.57982,450.15964Q134,451,83.18072,350.5Q32.36144,250,88.97339,159.50553Q145.58535,69.01105,254.73946,61.08535Q363.89357,53.15964,411.04216,151.57982Q458.19075,250,411.67519,349.65964Z;
                  M425.18852,353.0202Q369.02693,456.0404,256.9798,444.07406Q144.93267,432.10773,79.79128,341.05386Q14.64989,250,72.23742,145.33841Q129.82495,40.67682,247.91921,44.31148Q366.01347,47.94614,423.68179,148.97307Q481.35011,250,425.18852,353.0202Z;
                  M428,346.5Q362,443,248,447Q134,451,89.5,350.5Q45,250,89.5,149.5Q134,49,250,49.5Q366,50,430,150Q494,250,428,346.5Z;
                  M424.5,351.5Q367,453,257,441Q147,429,87,339.5Q27,250,86,159Q145,68,251.5,65.5Q358,63,420,156.5Q482,250,424.5,351.5Z;
                  M408,350Q365,450,246.5,455.5Q128,461,85.5,355.5Q43,250,95,160.5Q147,71,252.5,67Q358,63,404.5,156.5Q451,250,408,350Z;
                  M427.40001,346.42631Q361.93684,442.85263,249.56316,443.75789Q137.18948,444.66315,92.64737,347.33157Q48.10527,250,86.83157,141.61051Q125.55788,33.22103,248.92631,35.34735Q372.29475,37.47367,432.57896,143.73683Q492.86318,250,427.40001,346.42631Z;
                  M409.5,341Q355,432,246.5,438Q138,444,82,347Q26,250,79,148Q132,46,243,58Q354,70,409,160Q464,250,409.5,341Z;
                  M422.5,351Q367,452,257.5,439Q148,426,82.5,338Q17,250,75,149Q133,48,246.5,54Q360,60,419,155Q478,250,422.5,351Z;
                  M420,342.5Q357,435,242,448.5Q127,462,76.5,356Q26,250,84.5,157Q143,64,250,64Q357,64,420,157Q483,250,420,342.5Z;
                  M410.29096,351.5Q367,453,258.57878,438.3687Q150.15756,423.73739,95.94643,336.8687Q41.7353,250,92.31513,157.42122Q142.89496,64.84244,254.1313,58.13235Q365.36765,51.42226,409.47478,150.71113Q453.58192,250,410.29096,351.5Z;
                  M425.5,351Q367,452,253.5,446Q140,440,75.5,345Q11,250,70.5,145.5Q130,41,249,43.5Q368,46,426,148Q484,250,425.5,351Z;
                  M410,338Q352,426,239.5,444.5Q127,463,72,356.5Q17,250,81,159Q145,68,253.5,61.5Q362,55,415,152.5Q468,250,410,338Z;
                  M429.5,348Q363,446,255.5,436.5Q148,427,84,338.5Q20,250,80.5,156Q141,62,255.5,52Q370,42,433,146Q496,250,429.5,348Z">
                </path>
            </svg>
          </a>
        </div>
        <div class="swiper-slide">
          <a href="./portfolio.html">
            <h2>PortfoliO</h2>
            <div class="img png3">
              <img src="./img/undraw_Portfolio_re_qwm5.png" alt="">
            </div>
            <span></span>
            <h3>please take a look at my work</h3>
            <svg viewBox="0 0 550 550" xmlns="http://www.w3.org/2000/svg" xmlns:xlink="http://www.w3.org/1999/xlink" width="500">
                <path id="blob" d="M422.5,351Q367,452,257.5,439Q148,426,82.5,338Q17,250,75,149Q133,48,246.5,54Q360,60,419,155Q478,250,422.5,351Z" fill="#dc4518">
                  <animate 
                  attributeName="d"
                  repeatCount="indefinite"
                  dur="25s"
                  values="M428,346.5Q362,443,248,447Q134,451,89.5,350.5Q45,250,89.5,149.5Q134,49,250,49.5Q366,50,430,150Q494,250,428,346.5Z;
                  M411.67519,349.65964Q365.15964,449.31928,249.57982,450.15964Q134,451,83.18072,350.5Q32.36144,250,88.97339,159.50553Q145.58535,69.01105,254.73946,61.08535Q363.89357,53.15964,411.04216,151.57982Q458.19075,250,411.67519,349.65964Z;
                  M408,350Q365,450,246.5,455.5Q128,461,85.5,355.5Q43,250,95,160.5Q147,71,252.5,67Q358,63,404.5,156.5Q451,250,408,350Z;
                  M427.40001,346.42631Q361.93684,442.85263,249.56316,443.75789Q137.18948,444.66315,92.64737,347.33157Q48.10527,250,86.83157,141.61051Q125.55788,33.22103,248.92631,35.34735Q372.29475,37.47367,432.57896,143.73683Q492.86318,250,427.40001,346.42631Z;
                  M409.5,341Q355,432,246.5,438Q138,444,82,347Q26,250,79,148Q132,46,243,58Q354,70,409,160Q464,250,409.5,341Z;
                  M422.5,351Q367,452,257.5,439Q148,426,82.5,338Q17,250,75,149Q133,48,246.5,54Q360,60,419,155Q478,250,422.5,351Z;
                  M425.18852,353.0202Q369.02693,456.0404,256.9798,444.07406Q144.93267,432.10773,79.79128,341.05386Q14.64989,250,72.23742,145.33841Q129.82495,40.67682,247.91921,44.31148Q366.01347,47.94614,423.68179,148.97307Q481.35011,250,425.18852,353.0202Z;
                  M410.29096,351.5Q367,453,258.57878,438.3687Q150.15756,423.73739,95.94643,336.8687Q41.7353,250,92.31513,157.42122Q142.89496,64.84244,254.1313,58.13235Q365.36765,51.42226,409.47478,150.71113Q453.58192,250,410.29096,351.5Z;
                  M420,342.5Q357,435,242,448.5Q127,462,76.5,356Q26,250,84.5,157Q143,64,250,64Q357,64,420,157Q483,250,420,342.5Z;
                  M425.5,351Q367,452,253.5,446Q140,440,75.5,345Q11,250,70.5,145.5Q130,41,249,43.5Q368,46,426,148Q484,250,425.5,351Z;
                  M424.5,351.5Q367,453,257,441Q147,429,87,339.5Q27,250,86,159Q145,68,251.5,65.5Q358,63,420,156.5Q482,250,424.5,351.5Z;
                  M410,338Q352,426,239.5,444.5Q127,463,72,356.5Q17,250,81,159Q145,68,253.5,61.5Q362,55,415,152.5Q468,250,410,338Z;
                  M429.5,348Q363,446,255.5,436.5Q148,427,84,338.5Q20,250,80.5,156Q141,62,255.5,52Q370,42,433,146Q496,250,429.5,348Z">
                </path>
            </svg>
          </a>
        </div>
        <div class="swiper-slide">
          <div class="contact">
            <h2>ContacT</h2>
            <div class="img">
              <img class="png4" src="./img/undraw_contact_us_15o2.png" alt="">
            </div>
            <span></span>
            <h3>feel free to ask me any question</h3>
            <svg viewBox="0 0 550 550" xmlns="http://www.w3.org/2000/svg" xmlns:xlink="http://www.w3.org/1999/xlink" width="500">
                <path id="blob" d="M422.5,351Q367,452,257.5,439Q148,426,82.5,338Q17,250,75,149Q133,48,246.5,54Q360,60,419,155Q478,250,422.5,351Z" fill="#fbe1d6">
                  <animate 
                  attributeName="d"
                  repeatCount="indefinite"
                  dur="25s"
                  values="M428,346.5Q362,443,248,447Q134,451,89.5,350.5Q45,250,89.5,149.5Q134,49,250,49.5Q366,50,430,150Q494,250,428,346.5Z;
                  M411.67519,349.65964Q365.15964,449.31928,249.57982,450.15964Q134,451,83.18072,350.5Q32.36144,250,88.97339,159.50553Q145.58535,69.01105,254.73946,61.08535Q363.89357,53.15964,411.04216,151.57982Q458.19075,250,411.67519,349.65964Z;
                  M410.29096,351.5Q367,453,258.57878,438.3687Q150.15756,423.73739,95.94643,336.8687Q41.7353,250,92.31513,157.42122Q142.89496,64.84244,254.1313,58.13235Q365.36765,51.42226,409.47478,150.71113Q453.58192,250,410.29096,351.5Z;
                  M425.18852,353.0202Q369.02693,456.0404,256.9798,444.07406Q144.93267,432.10773,79.79128,341.05386Q14.64989,250,72.23742,145.33841Q129.82495,40.67682,247.91921,44.31148Q366.01347,47.94614,423.68179,148.97307Q481.35011,250,425.18852,353.0202Z;
                  M408,350Q365,450,246.5,455.5Q128,461,85.5,355.5Q43,250,95,160.5Q147,71,252.5,67Q358,63,404.5,156.5Q451,250,408,350Z;
                  M427.40001,346.42631Q361.93684,442.85263,249.56316,443.75789Q137.18948,444.66315,92.64737,347.33157Q48.10527,250,86.83157,141.61051Q125.55788,33.22103,248.92631,35.34735Q372.29475,37.47367,432.57896,143.73683Q492.86318,250,427.40001,346.42631Z;
                  M424.5,351.5Q367,453,257,441Q147,429,87,339.5Q27,250,86,159Q145,68,251.5,65.5Q358,63,420,156.5Q482,250,424.5,351.5Z;
                  M420,342.5Q357,435,242,448.5Q127,462,76.5,356Q26,250,84.5,157Q143,64,250,64Q357,64,420,157Q483,250,420,342.5Z;
                  M425.5,351Q367,452,253.5,446Q140,440,75.5,345Q11,250,70.5,145.5Q130,41,249,43.5Q368,46,426,148Q484,250,425.5,351Z;
                  M410,338Q352,426,239.5,444.5Q127,463,72,356.5Q17,250,81,159Q145,68,253.5,61.5Q362,55,415,152.5Q468,250,410,338Z;
                  M409.5,341Q355,432,246.5,438Q138,444,82,347Q26,250,79,148Q132,46,243,58Q354,70,409,160Q464,250,409.5,341Z;
                  M422.5,351Q367,452,257.5,439Q148,426,82.5,338Q17,250,75,149Q133,48,246.5,54Q360,60,419,155Q478,250,422.5,351Z;
                  M429.5,348Q363,446,255.5,436.5Q148,427,84,338.5Q20,250,80.5,156Q141,62,255.5,52Q370,42,433,146Q496,250,429.5,348Z">
                </path>
            </svg>
          </div>
        </div>
        <section id="modalArea" class="modalArea">
          <div id="modalBg" class="modalBg"></div>
          <div class="modalWrapper">
            <div class="modalContents">
              <h3>お問い合わせいただきありがとうございます。</h3>
              <p>
                SNSのダイレクトメッセージまたは、メールアドレスからお問い合わせお願い致します。<br>
                <span>※名前の記載をお忘れないようお願い致します。</span>
              </p>
              <ul class="sns">
                <li>
                  <i class="fab fa-twitter fa-2x"></i>
                  <a href="https://twitter.com/home?lang=ja">@xxxkwsxxx</a>
                </li>
                <li>
                  <i class="far fa-envelope fa-2x"></i>
                  <a href="https://www.google.com/intl/ja/gmail/about/">sakubo8440@gmail.com</a>
                </li>
              </ul>
            </div>
            <div id="closeModal" class="closeModal">
              ×
            </div>
          </div>
        </section>
      </div>
      <!-- If we need pagination -->
      <div class="swiper-pagination"></div>
    </div>
  </section>

  <script src="https://ajax.googleapis.com/ajax/libs/jquery/3.4.1/jquery.min.js"></script>
  <!-- jsの読み込み -->
  <!-- <script src="./js/lottie.min.js"></script> -->
  <script src="https://cdnjs.cloudflare.com/ajax/libs/Swiper/6.5.8/swiper-bundle.min.js"></script>
  <script src="./js/circle.js"></script>
</body>
</html>