<!DOCTYPE html>
<html lang="ja">
<head>
  <meta charset="UTF-8">
  <meta name="author" content="aoi kubo" />
  <meta name="description" content="久保碧衣のポートフォリオ" />
  <meta name="viewport" content="width=device-width" />
  <title>King W Stone | portfolio site</title>
  <link href="https://use.fontawesome.com/releases/v5.6.1/css/all.css" rel="stylesheet">
  <link rel="preconnect" href="https://fonts.gstatic.com">
  <link href="https://fonts.googleapis.com/css2?family=Bowlby+One+SC&display=swap" rel="stylesheet">
  <link href="https://fonts.googleapis.com/css2?family=Noto+Sans+JP&display=swap" rel="stylesheet">
  <link rel="stylesheet" type="text/css" href="https://cdnjs.cloudflare.com/ajax/libs/Swiper/6.5.8/swiper-bundle.min.css">
  <link rel="shortcut icon" href="./img/favicon.ico"/>
  <link rel="stylesheet" href="css/circle.css" media="all" />
  <link rel="stylesheet" href="css/reset.css" media="all" />
  <script>
    (function(d) {
      var config = {
        kitId: 'xvx2fwy',
        scriptTimeout: 3000,
        async: true
      },
      h=d.documentElement,t=setTimeout(function(){h.className=h.className.replace(/\bwf-loading\b/g,"")+" wf-inactive";},config.scriptTimeout),tk=d.createElement("script"),f=false,s=d.getElementsByTagName("script")[0],a;h.className+=" wf-loading";tk.src='https://use.typekit.net/'+config.kitId+'.js';tk.async=true;tk.onload=tk.onreadystatechange=function(){a=this.readyState;if(f||a&&a!="complete"&&a!="loaded")return;f=true;clearTimeout(t);try{Typekit.load(config)}catch(e){}};s.parentNode.insertBefore(tk,s)
    })(document);
  </script>
</head>
<body class="page">
  <section class="section service">
    <header class="header">
      <p class="header-logo">
        <a href="./index.html"><img src="./img/logo-main.black.png" alt="ロゴの写真"></a>
      </p>
      <ul>
        <li><a href="./index.html">ToP</a></li>
        <li><a href="./profile.html">ProfilE</a></li>
        <li><a href="./service.html">ServicE</a></li>
        <li><a href="./portfolio.html">PortfoliO</a></li>
        <li><div class="contact">ContacT</div></li>
      </ul>
    </header>
    <section id="modalArea" class="modalArea">
      <div id="modalBg" class="modalBg"></div>
      <div class="modalWrapper">
        <div class="modalContents">
          <h3>お問い合わせいただきありがとうございます。</h3>
          <p>
            SNSのダイレクトメッセージまたは、メールアドレスからお問い合わせお願い致します。<br>
            <span>※名前の記載をお忘れないようお願い致します。</span>
          </p>
          <ul class="sns">
            <li>
              <i class="fab fa-twitter fa-2x"></i>
              <a href="https://twitter.com/home?lang=ja">@xxxkwsxxx</a>
            </li>
            <li>
              <i class="far fa-envelope fa-2x"></i>
              <a href="https://www.google.com/intl/ja/gmail/about/">sakubo8440@gmail.com</a>
            </li>
          </ul>
        </div>
        <div id="closeModal" class="closeModal">
          ×
        </div>
      </div>
    </section>
    <div class="main">
      <h1>ServicE</h1>
      <ul class="main-service">
        <li class="content">
          <svg viewBox="0 0 550 550" xmlns="http://www.w3.org/2000/svg" xmlns:xlink="http://www.w3.org/1999/xlink" width="620">
            <path id="blob" d="M422.5,351Q367,452,257.5,439Q148,426,82.5,338Q17,250,75,149Q133,48,246.5,54Q360,60,419,155Q478,250,422.5,351Z" fill="#ea756dad">
              <animate 
              attributeName="d"
              repeatCount="indefinite"
              dur="20s"
              values="M428,346.5Q362,443,248,447Q134,451,89.5,350.5Q45,250,89.5,149.5Q134,49,250,49.5Q366,50,430,150Q494,250,428,346.5Z;
              M411.67519,349.65964Q365.15964,449.31928,249.57982,450.15964Q134,451,83.18072,350.5Q32.36144,250,88.97339,159.50553Q145.58535,69.01105,254.73946,61.08535Q363.89357,53.15964,411.04216,151.57982Q458.19075,250,411.67519,349.65964Z;
              M410.29096,351.5Q367,453,258.57878,438.3687Q150.15756,423.73739,95.94643,336.8687Q41.7353,250,92.31513,157.42122Q142.89496,64.84244,254.1313,58.13235Q365.36765,51.42226,409.47478,150.71113Q453.58192,250,410.29096,351.5Z;
              M425.18852,353.0202Q369.02693,456.0404,256.9798,444.07406Q144.93267,432.10773,79.79128,341.05386Q14.64989,250,72.23742,145.33841Q129.82495,40.67682,247.91921,44.31148Q366.01347,47.94614,423.68179,148.97307Q481.35011,250,425.18852,353.0202Z;
              M425.5,351Q367,452,253.5,446Q140,440,75.5,345Q11,250,70.5,145.5Q130,41,249,43.5Q368,46,426,148Q484,250,425.5,351Z;
              M410,338Q352,426,239.5,444.5Q127,463,72,356.5Q17,250,81,159Q145,68,253.5,61.5Q362,55,415,152.5Q468,250,410,338Z;
              M409.5,341Q355,432,246.5,438Q138,444,82,347Q26,250,79,148Q132,46,243,58Q354,70,409,160Q464,250,409.5,341Z;
              M422.5,351Q367,452,257.5,439Q148,426,82.5,338Q17,250,75,149Q133,48,246.5,54Q360,60,419,155Q478,250,422.5,351Z;
              M429.5,348Q363,446,255.5,436.5Q148,427,84,338.5Q20,250,80.5,156Q141,62,255.5,52Q370,42,433,146Q496,250,429.5,348Z">
            </path>
          </svg>
          <div class="text">
            <h4>Planning</h4>
            <svg xmlns="http://www.w3.org/2000/svg" id="aa148906-9946-4a00-bfdb-f78e96a2b6cd" data-name="Layer 1" width="340" height="130" viewBox="0 0 848.67538 469.44265"><path d="M612.36555,682.31865a207.53414,207.53414,0,0,1-40.54,1.96c-32.66016-1.65-64.78027-11.15-92.23-29.01-12.17041-7.92-23.78027-17.65-30.08008-30.72-8.55029-17.75-5.56006-40.22,6.6499-55.68a56.01494,56.01494,0,0,1,16.14014-13.77c.91992-.52,1.85986-1.02,2.81006-1.5a60.55749,60.55749,0,0,1,33.48-6.13c19.57959,2.14,37.6499,14.1,48.08984,30.81,9.29981,14.9,12.54,32.48,14.4502,50.1.35986,3.32.66992,6.65.96973,9.96a146.37967,146.37967,0,0,1-7.81006,28.06,9.81128,9.81128,0,0,0-.43994,1.36q3,6.51,5.71,13.14a11.55657,11.55657,0,0,0,5.53027,1.4h37.18994Z" transform="translate(-175.66231 -215.27867)" fill="#f2f2f2"/><path d="M568.79524,683.16869a2.03341,2.03341,0,0,1-2.69971-1.06c-.16016-.38-.31006-.76-.47021-1.14q-2.15992-5.25-4.52979-10.4a316.78429,316.78429,0,0,0-88.17041-114.1,1.47787,1.47787,0,0,1-.61963-1.37,2.03241,2.03241,0,0,1,2.81006-1.5,1.92729,1.92729,0,0,1,.41992.26,317.52029,317.52029,0,0,1,44.25977,43.95,322.504,322.504,0,0,1,34.91015,51.66q4.06494,7.5,7.71973,15.21c.48047,1.02.96045,2.05,1.43018,3.07995q3,6.51,5.71,13.14c.03027.07.06006.15.09033.22A1.47968,1.47968,0,0,1,568.79524,683.16869Z" transform="translate(-175.66231 -215.27867)" fill="#fff"/><circle cx="260.50305" cy="297" r="39" fill="#5b72e0"/><path d="M432.29956,527.15627a4.04474,4.04474,0,0,1-2.43372-.80842l-.04353-.03268-9.16526-7.01725a4.07192,4.07192,0,1,1,4.95308-6.46445l5.93657,4.55208,14.029-18.29592a4.07178,4.07178,0,0,1,5.709-.75362l-.08723.11844.08949-.11671a4.07649,4.07649,0,0,1,.75362,5.709l-16.50151,21.52039A4.07356,4.07356,0,0,1,432.29956,527.15627Z" transform="translate(-175.66231 -215.27867)" fill="#fff"/><path d="M1023.147,684.72133H176.853a1.19069,1.19069,0,0,1,0-2.38137h846.294a1.19069,1.19069,0,0,1,0,2.38137Z" transform="translate(-175.66231 -215.27867)" fill="#3f3d56"/><circle cx="165.54584" cy="107.00476" r="28.93994" fill="#2f2e41"/><ellipse cx="312.2682" cy="300.329" rx="11.97515" ry="8.98136" transform="translate(-296.56574 93.49262) rotate(-45)" fill="#2f2e41"/><ellipse cx="360.35876" cy="292.78538" rx="8.98136" ry="11.97515" transform="translate(-226.11098 293.88362) rotate(-66.86956)" fill="#2f2e41"/><path d="M421.79385,489.36573A10.74265,10.74265,0,0,0,415.541,474.126l-41.81616-88.45907L354.59693,399.08l47.1186,82.7347a10.80091,10.80091,0,0,0,20.07832,7.55106Z" transform="translate(-175.66231 -215.27867)" fill="#ffb8b8"/><path d="M383.31437,400.425l-22.20855,9.93087a4.81689,4.81689,0,0,1-6.60409-3.09631l-6.54916-23.35317a13.37737,13.37737,0,0,1,24.45588-10.84991l13.00137,20.38209a4.81688,4.81688,0,0,1-2.09545,6.98643Z" transform="translate(-175.66231 -215.27867)" fill="#ccc"/><path d="M280.74681,498.1357a10.74271,10.74271,0,0,0,7.44458-14.69441l39.60233-89.47208-22.65457-5.706L273.335,478.00558a10.80091,10.80091,0,0,0,7.41184,20.13012Z" transform="translate(-175.66231 -215.27867)" fill="#ffb8b8"/><polygon points="94.289 445.033 105.809 449.227 127.47 406.789 110.467 400.599 94.289 445.033" fill="#ffb8b8"/><path d="M264.972,662.26332h38.53072a0,0,0,0,1,0,0v14.88687a0,0,0,0,1,0,0H279.85884A14.88686,14.88686,0,0,1,264.972,662.26333v0A0,0,0,0,1,264.972,662.26332Z" transform="translate(146.5349 1180.96579) rotate(-159.99348)" fill="#2f2e41"/><path d="M297.20006,635.88967a4.77367,4.77367,0,0,1-2.04387-.45889l-13.23928-6.2709a4.79861,4.79861,0,0,1-2.46853-5.9897L316.81215,519.702a4.81658,4.81658,0,0,1,8.66077-.84149l19.76235,32.93709a4.82207,4.82207,0,0,1,.052,4.86807l-43.88711,76.802A4.84031,4.84031,0,0,1,297.20006,635.88967Z" transform="translate(-175.66231 -215.27867)" fill="#2f2e41"/><circle cx="166.46368" cy="113.91339" r="24.56103" fill="#ffb8b8"/><path d="M376.873,440.86165,333.385,428.9021l-23.12961-46.25868A14.576,14.576,0,0,1,323.2929,361.5488h34.59941a14.557,14.557,0,0,1,9.73013,3.72135c9.28142,8.3145,28.78088,32.2848,9.43874,75.17337Z" transform="translate(-175.66231 -215.27867)" fill="#ccc"/><path d="M322.4327,409.97074l-22.03343-10.31358a4.81687,4.81687,0,0,1-1.97428-7.02163l13.39047-20.22269a13.37737,13.37737,0,0,1,24.19805,11.41336l-6.92414,23.16293a4.81689,4.81689,0,0,1-6.65667,2.98161Z" transform="translate(-175.66231 -215.27867)" fill="#ccc"/><polygon points="173.428 456.629 185.687 456.629 191.52 409.341 173.425 409.342 173.428 456.629" fill="#ffb8b8"/><path d="M346.463,668.40445h38.53073a0,0,0,0,1,0,0v14.88687a0,0,0,0,1,0,0H361.34984A14.88686,14.88686,0,0,1,346.463,668.40447v0A0,0,0,0,1,346.463,668.40445Z" transform="translate(555.82523 1136.40041) rotate(179.99738)" fill="#2f2e41"/><path d="M353.71912,653.88805a4.79132,4.79132,0,0,1-4.69769-3.81439c-3.524-16.60391-21.82634-101.6514-36.11121-145.4588-14.53417-44.57049,10.2183-64.87171,15.32784-68.48853a3.7629,3.7629,0,0,0,1.25282-1.51258l3.7122-8.16606a4.83433,4.83433,0,0,1,4.39715-2.82656h.03006c27.82859.16621,37.184,8.93856,39.91435,12.70277a4.761,4.761,0,0,1,.75368,3.92623l-17.60768,72.64473a3.75009,3.75009,0,0,0-.07291,1.37669L378.136,646.17147a4.81781,4.81781,0,0,1-4.22284,5.42l-19.62855,2.26417A4.92263,4.92263,0,0,1,353.71912,653.88805Z" transform="translate(-175.66231 -215.27867)" fill="#2f2e41"/><path d="M316.31807,313.74325a33.40494,33.40494,0,0,0,19.09068,5.89985,20.47079,20.47079,0,0,1-8.11361,3.338,67.35875,67.35875,0,0,0,27.514.1546,17.80736,17.80736,0,0,0,5.75978-1.97824,7.28919,7.28919,0,0,0,3.55521-4.7547c.60365-3.44852-2.08348-6.58157-4.876-8.69308A35.96737,35.96737,0,0,0,329.02361,301.67c-3.37626.87272-6.75852,2.34726-8.9515,5.05866s-2.84257,6.8915-.75322,9.68353Z" transform="translate(-175.66231 -215.27867)" fill="#2f2e41"/><circle cx="591.50305" cy="192" r="13" fill="#5b72e0"/><path d="M765.87676,412.23787a1.34825,1.34825,0,0,1-.81124-.26947l-.01451-.01089-3.05509-2.33909a1.3573,1.3573,0,1,1,1.651-2.15481l1.97885,1.51736,4.67635-6.09864a1.35725,1.35725,0,0,1,1.903-.25121l-.02908.03948.02983-.0389a1.35883,1.35883,0,0,1,.25121,1.903l-5.50051,7.17346A1.35784,1.35784,0,0,1,765.87676,412.23787Z" transform="translate(-175.66231 -215.27867)" fill="#fff"/><circle cx="591.50305" cy="230" r="13" fill="#5b72e0"/><path d="M765.87676,450.23787a1.34825,1.34825,0,0,1-.81124-.26947l-.01451-.01089-3.05509-2.33909a1.3573,1.3573,0,1,1,1.651-2.15481l1.97885,1.51736,4.67635-6.09864a1.35725,1.35725,0,0,1,1.903-.25121l-.02908.03948.02983-.0389a1.35883,1.35883,0,0,1,.25121,1.903l-5.50051,7.17346A1.35784,1.35784,0,0,1,765.87676,450.23787Z" transform="translate(-175.66231 -215.27867)" fill="#fff"/><circle cx="598.50305" cy="274" r="13" fill="#5b72e0"/><path d="M772.87676,494.23787a1.34825,1.34825,0,0,1-.81124-.26947l-.01451-.01089-3.05509-2.33909a1.3573,1.3573,0,1,1,1.651-2.15481l1.97885,1.51736,4.67635-6.09864a1.35725,1.35725,0,0,1,1.903-.25121l-.02908.03948.02983-.0389a1.35883,1.35883,0,0,1,.25121,1.903l-5.50051,7.17346A1.35784,1.35784,0,0,1,772.87676,494.23787Z" transform="translate(-175.66231 -215.27867)" fill="#fff"/><path d="M899.5214,597.81813c-.13479,0-.21961-.00349-.24924-.00523l-16.13966.00174v-2.3797h16.198c.375.01336,8.02654.22949,15.07646-8.32488,10.50588-12.74905,19.13345-44.30968.57285-122.264-24.95721-104.82061-4.14182-197.42377,5.9658-232.37211a11.60395,11.60395,0,0,0-11.16442-14.8156H668.747a11.65594,11.65594,0,0,0-9.3994,4.78438c-4.28183,5.89-10.15787,17.20518-13.8349,37.665l-2.34194-.42063c3.75663-20.90428,9.82381-32.55237,14.25205-38.64338a14.04138,14.04138,0,0,1,11.32419-5.76508H909.78124a13.984,13.984,0,0,1,13.45058,17.85646c-10.05562,34.76707-30.76324,126.88976-5.93676,231.16018,18.82147,79.05061,9.77327,111.29506-1.13117,124.42465C908.97135,597.37949,901.04648,597.81813,899.5214,597.81813Z" transform="translate(-175.66231 -215.27867)" fill="#e6e6e6"/><path d="M856.0919,641.24763c-.13479,0-.21961-.00349-.24924-.00523l-16.13965.00174v-2.3797h16.198c.37706.01162,8.02654.22949,15.07646-8.32488,10.50588-12.74905,19.13345-44.30968.57285-122.264-24.95721-104.82061-4.14182-197.42377,5.9658-232.37211a11.60395,11.60395,0,0,0-11.16442-14.8156H625.31749a11.65594,11.65594,0,0,0-9.3994,4.78438c-4.28183,5.89-10.15787,17.20518-13.83476,37.665l-2.34222-.42063c3.75677-20.90429,9.82395-32.55238,14.25219-38.64338a14.04138,14.04138,0,0,1,11.32419-5.76508H866.35174a13.984,13.984,0,0,1,13.45058,17.85646c-10.05562,34.76707-30.76324,126.88976-5.93675,231.16018,18.82146,79.05061,9.77326,111.29506-1.13117,124.42465C865.54185,640.809,857.617,641.24763,856.0919,641.24763Z" transform="translate(-175.66231 -215.27867)" fill="#ccc"/><path d="M830.43537,551.15868c-24.83007-104.27-4.12011-196.4,5.93995-231.16a13.99387,13.99387,0,0,0-13.4502-17.86H581.88557a14.03109,14.03109,0,0,0-11.32031,5.76c-9.73,13.38-29.91993,57.75-7.36963,180.52,12.05957,65.68,11.87988,110.46,7.93994,139.96-2.21045,16.61005-5.62012,28.37-8.71045,36.30005l-.32959.84a13.63942,13.63942,0,0,0-1,5.05,13.83428,13.83428,0,0,0,4.52979,10.4,13.24271,13.24271,0,0,0,3.16992,2.2,13.41211,13.41211,0,0,0,3.03027,1.11,13.67578,13.67578,0,0,0,3.27.39H812.41535c.03028,0,.10987.01.25.01,1.52,0,9.4502-.44,16.64014-9.1C840.20539,662.44866,849.2552,630.20867,830.43537,551.15868Zm-2.89013,122.81c-7.04981,8.56-14.69971,8.34-15.06983,8.33H575.09553a11.63613,11.63613,0,0,1-9.63037-5.11,11.36694,11.36694,0,0,1-1.60986-9.43,9.81128,9.81128,0,0,1,.43994-1.36,146.37967,146.37967,0,0,0,7.81006-28.06c5.64013-30.75,6.68994-78.2-6.56983-150.35-22.37988-121.86-2.58984-165.56,6.94971-178.69a11.68138,11.68138,0,0,1,9.40039-4.78H822.92512a11.60377,11.60377,0,0,1,11.16016,14.81c-10.10987,34.95-30.91993,127.56-5.96,232.38C846.68537,629.65868,838.05549,661.21868,827.54524,673.96868Z" transform="translate(-175.66231 -215.27867)" fill="#3f3d56"/><path d="M715.9248,415.679h-124.186a9.51879,9.51879,0,1,1,0-19.03758h124.186a9.51879,9.51879,0,1,1,0,19.03758Z" transform="translate(-175.66231 -215.27867)" fill="#ccc"/><path d="M715.9248,456.679h-124.186a9.51879,9.51879,0,1,1,0-19.03758h124.186a9.51879,9.51879,0,1,1,0,19.03758Z" transform="translate(-175.66231 -215.27867)" fill="#ccc"/><path d="M725.9248,498.679h-124.186a9.51879,9.51879,0,1,1,0-19.03758h124.186a9.51879,9.51879,0,1,1,0,19.03758Z" transform="translate(-175.66231 -215.27867)" fill="#ccc"/><path d="M732.9248,542.679h-124.186a9.51879,9.51879,0,1,1,0-19.03758h124.186a9.51879,9.51879,0,1,1,0,19.03758Z" transform="translate(-175.66231 -215.27867)" fill="#ccc"/><path d="M732.97746,341.76923h-89.2387a9.5188,9.5188,0,1,1,0-19.03759h89.2387a9.51879,9.51879,0,1,1,0,19.03759Z" transform="translate(-175.66231 -215.27867)" fill="#5b72e0"/><circle cx="606.50305" cy="317.88152" r="13" fill="#ccc"/><path d="M738.9248,585.679h-124.186a9.51879,9.51879,0,1,1,0-19.03758h124.186a9.51879,9.51879,0,1,1,0,19.03758Z" transform="translate(-175.66231 -215.27867)" fill="#ccc"/><circle cx="612.50305" cy="360.88152" r="13" fill="#ccc"/></svg>
            <p>お客様のご要望を丁寧にヒアリングしていきます。Webサイトの目的を明確にしていきましょう。</p>
          </div>
        </li>
        <li class="content">
          <svg viewBox="0 0 550 550" xmlns="http://www.w3.org/2000/svg" xmlns:xlink="http://www.w3.org/1999/xlink" width="620">
            <path id="blob" d="M422.5,351Q367,452,257.5,439Q148,426,82.5,338Q17,250,75,149Q133,48,246.5,54Q360,60,419,155Q478,250,422.5,351Z" fill="#ea756dad">
              <animate 
              attributeName="d"
              repeatCount="indefinite"
              dur="20s"
              values="M428,346.5Q362,443,248,447Q134,451,89.5,350.5Q45,250,89.5,149.5Q134,49,250,49.5Q366,50,430,150Q494,250,428,346.5Z;
              M410.29096,351.5Q367,453,258.57878,438.3687Q150.15756,423.73739,95.94643,336.8687Q41.7353,250,92.31513,157.42122Q142.89496,64.84244,254.1313,58.13235Q365.36765,51.42226,409.47478,150.71113Q453.58192,250,410.29096,351.5Z;
              M410,338Q352,426,239.5,444.5Q127,463,72,356.5Q17,250,81,159Q145,68,253.5,61.5Q362,55,415,152.5Q468,250,410,338Z;
              M411.67519,349.65964Q365.15964,449.31928,249.57982,450.15964Q134,451,83.18072,350.5Q32.36144,250,88.97339,159.50553Q145.58535,69.01105,254.73946,61.08535Q363.89357,53.15964,411.04216,151.57982Q458.19075,250,411.67519,349.65964Z;
              M422.5,351Q367,452,257.5,439Q148,426,82.5,338Q17,250,75,149Q133,48,246.5,54Q360,60,419,155Q478,250,422.5,351Z;
              M409.5,341Q355,432,246.5,438Q138,444,82,347Q26,250,79,148Q132,46,243,58Q354,70,409,160Q464,250,409.5,341Z;
              M425.18852,353.0202Q369.02693,456.0404,256.9798,444.07406Q144.93267,432.10773,79.79128,341.05386Q14.64989,250,72.23742,145.33841Q129.82495,40.67682,247.91921,44.31148Q366.01347,47.94614,423.68179,148.97307Q481.35011,250,425.18852,353.0202Z;
              M425.5,351Q367,452,253.5,446Q140,440,75.5,345Q11,250,70.5,145.5Q130,41,249,43.5Q368,46,426,148Q484,250,425.5,351Z;
              M429.5,348Q363,446,255.5,436.5Q148,427,84,338.5Q20,250,80.5,156Q141,62,255.5,52Q370,42,433,146Q496,250,429.5,348Z">
            </path>
          </svg>
          <div class="text">
            <h4>Design</h4>
            <svg xmlns="http://www.w3.org/2000/svg" id="b1e55c18-19aa-4dcf-8e98-b72f0689681d" data-name="Layer 1" width="360" height="130" viewBox="0 0 974.91676 611.89528"><path d="M769.77783,413.35119H112.54162V144.05236H769.77783Zm-655.23621-2H767.77783V146.05236H114.54162Z" transform="translate(-112.54162 -144.05236)" fill="#3f3d56"/><path d="M205.37,246.68939H164.06638a144.46051,144.46051,0,0,1,0-49.24667H205.37A88.61114,88.61114,0,0,0,205.37,246.68939Z" transform="translate(-112.54162 -144.05236)" fill="#ff6584"/><path d="M241.12784,267.66712h41.30365a144.46007,144.46007,0,0,0,0-49.24668H241.12784A88.61117,88.61117,0,0,1,241.12784,267.66712Z" transform="translate(-112.54162 -144.05236)" fill="#e6e6e6"/><path d="M507.6702,277.73653h56.126a1.5009,1.5009,0,0,0,0-3h-56.126a1.5009,1.5009,0,0,0,0,3Z" transform="translate(-112.54162 -144.05236)" fill="#e6e6e6"/><path d="M562.33744,263.585l8.769,8.004c1.00287.91538,3.76135,2.80521,4.38446,4.002,1.28839,2.47452-.09595,1.91-2.30359,2.76747a49.35994,49.35994,0,0,0-14.76367,9.16753c-1.45135,1.27893.67712,3.394,2.12134,2.12131a45.83257,45.83257,0,0,1,13.43988-8.396c1.769-.6998,5.12518-1.1096,5.9657-3.2168,1.02868-2.579-2.24756-4.482-3.79981-5.89883l-11.692-10.67208c-1.42353-1.29936-3.551.81635-2.12134,2.12133Z" transform="translate(-112.54162 -144.05236)" fill="#e6e6e6"/><path d="M193.12784,338.66712h41.30365a144.46007,144.46007,0,0,0,0-49.24668H193.12784A88.61117,88.61117,0,0,1,193.12784,338.66712Z" transform="translate(-112.54162 -144.05236)" fill="#5b72e0"/><path d="M514.12784,242.66712h41.30365a144.46007,144.46007,0,0,0,0-49.24668H514.12784A88.61117,88.61117,0,0,1,514.12784,242.66712Z" transform="translate(-112.54162 -144.05236)" fill="#5b72e0"/><polygon points="270.825 179.533 270.825 57.985 259.825 55.533 259.825 190.533 342.825 189.684 342.545 178.8 270.825 179.533" fill="#f2f2f2"/><path d="M465.36705,344.73653h-100v-161h100Zm-98-2h96v-157h-96Z" transform="translate(-112.54162 -144.05236)" fill="#3f3d56"/><rect x="261.82543" y="49.68417" width="16.1969" height="2" fill="#3f3d56"/><rect x="261.82543" y="54.68417" width="16.1969" height="2" fill="#3f3d56"/><rect x="261.82543" y="59.68417" width="16.1969" height="2" fill="#3f3d56"/><rect x="269.82543" y="145.68417" width="69.19678" height="2" fill="#3f3d56"/><rect x="269.82543" y="156.68417" width="69.19678" height="2" fill="#3f3d56"/><rect x="269.82543" y="167.68417" width="69.19678" height="2" fill="#3f3d56"/><path d="M450.36705,206.73653a7,7,0,1,1,7-7A7.00786,7.00786,0,0,1,450.36705,206.73653Zm0-12a5,5,0,1,0,5,5A5.00573,5.00573,0,0,0,450.36705,194.73653Z" transform="translate(-112.54162 -144.05236)" fill="#3f3d56"/><path d="M452.36705,266.73653h-71v-46h71Zm-69-2h67v-42h-67Z" transform="translate(-112.54162 -144.05236)" fill="#3f3d56"/><rect x="415.86696" y="202.81893" width="2.00017" height="81.8352" transform="matrix(0.53767, -0.84316, 0.84316, 0.53767, -125.318, 320.12045)" fill="#3f3d56"/><rect x="375.94945" y="242.73644" width="81.8352" height="2.00017" transform="translate(-178.20836 118.30595) rotate(-32.52429)" fill="#3f3d56"/><polygon points="524.825 179.533 524.825 57.985 513.825 55.533 513.825 190.533 596.825 189.684 596.545 178.8 524.825 179.533" fill="#f2f2f2"/><path d="M720.367,342.73653h-100v-161h100Zm-98-2h96v-157h-96Z" transform="translate(-112.54162 -144.05236)" fill="#3f3d56"/><rect x="516.82543" y="47.68417" width="16.19678" height="2" fill="#3f3d56"/><rect x="516.82543" y="52.68417" width="16.19678" height="2" fill="#3f3d56"/><rect x="516.82543" y="57.68417" width="16.19678" height="2" fill="#3f3d56"/><path d="M705.367,204.73653a7,7,0,1,1,7-7A7.00786,7.00786,0,0,1,705.367,204.73653Zm0-12a5,5,0,1,0,5,5A5.00573,5.00573,0,0,0,705.367,192.73653Z" transform="translate(-112.54162 -144.05236)" fill="#3f3d56"/><path d="M707.367,264.73653h-71v-46h71Zm-69-2h67v-42h-67Z" transform="translate(-112.54162 -144.05236)" fill="#3f3d56"/><rect x="670.867" y="200.81893" width="2.0001" height="81.8352" transform="translate(-5.73668 534.20071) rotate(-57.47511)" fill="#3f3d56"/><rect x="630.94945" y="240.73648" width="81.8352" height="2.0001" transform="translate(-137.15596 255.02317) rotate(-32.5184)" fill="#3f3d56"/><path d="M707.367,324.73653h-71v-46h71Zm-69-2h67v-42h-67Z" transform="translate(-112.54162 -144.05236)" fill="#3f3d56"/><rect x="670.867" y="260.81893" width="2.0001" height="81.8352" transform="translate(-56.32615 561.94076) rotate(-57.47511)" fill="#3f3d56"/><rect x="630.94945" y="300.73648" width="81.8352" height="2.0001" transform="translate(-169.41018 264.43003) rotate(-32.5184)" fill="#3f3d56"/><path d="M400.12784,375.66712h41.30365a144.46007,144.46007,0,0,0,0-49.24668H400.12784A88.61117,88.61117,0,0,1,400.12784,375.66712Z" transform="translate(-112.54162 -144.05236)" fill="#5b72e0"/><circle cx="897.96228" cy="342.26064" r="29.26558" transform="translate(-166.66901 328.60718) rotate(-28.66322)" fill="#ffb8b8"/><circle cx="831.30199" cy="161.87052" r="25.89037" fill="#2f2e41"/><path d="M966.1754,327.36177a25.89173,25.89173,0,0,1-39.98159-13.59461A25.8918,25.8918,0,1,0,976.699,303.14972,25.88224,25.88224,0,0,1,966.1754,327.36177Z" transform="translate(-112.54162 -144.05236)" fill="#2f2e41"/><path d="M864.00058,327.39054c4.51979-8.09173,6.24924-11.47187,12.077-16.39233,5.15347-4.35167,11.49242-5.62963,16.60531-1.50633a30.61956,30.61956,0,1,1-18.475,28.10592,30.87312,30.87312,0,0,1,.20862-3.4622C869.97214,333.51144,868.4449,328.0147,864.00058,327.39054Z" transform="translate(-112.54162 -144.05236)" fill="#2f2e41"/><polygon points="714.548 597.707 701.163 593.819 709.789 540.338 729.545 546.077 714.548 597.707" fill="#ffb8b8"/><path d="M800.65658,732.3224H829.578a0,0,0,0,1,0,0v16.92591a0,0,0,0,1,0,0H785.76972a0,0,0,0,1,0,0v-2.03905A14.88686,14.88686,0,0,1,800.65658,732.3224Z" transform="translate(126.15148 -339.94245) rotate(16.19699)" fill="#2f2e41"/><polygon points="852.88 598.027 838.941 598.026 832.31 544.261 852.882 544.262 852.88 598.027" fill="#ffb8b8"/><path d="M826.94535,594.04308h28.92138a0,0,0,0,1,0,0V610.969a0,0,0,0,1,0,0H812.05849a0,0,0,0,1,0,0v-2.03905A14.88686,14.88686,0,0,1,826.94535,594.04308Z" fill="#2f2e41"/><path d="M932.62439,554.92014a11.43313,11.43313,0,0,1,3.2083-17.23524l-7.23756-39.97958,19.41432,8.2976,3.89648,36.69318a11.49507,11.49507,0,0,1-19.28154,12.224Z" transform="translate(-112.54162 -144.05236)" fill="#ffb8b8"/><path d="M943.03294,459.19813l-22.77759-69.14795c-.47522-.793-6.14465-9.71631-18.49048-5.92041a10.32417,10.32417,0,0,0-6.3772,5.20019c-3.61389,6.92822-.24316,17.63135-.22814,17.688l28.04284,62.84082.02918.06494,8.85144,64.53565,19.11535-3.88086Z" transform="translate(-112.54162 -144.05236)" fill="#5b72e0"/><path d="M791.6378,715.00721l34.28369-105.12793L865.672,519.0199l-.57227-44.06689L912.271,463.9535l5.49316,18.46777c31.76965,20.96289,21.30383,61.28809,20.557,63.99072l47.86914,176.65967L933.99522,728.871l-35.035-167.26416-32.31127,67.96484-22.846,101.665Z" transform="translate(-112.54162 -144.05236)" fill="#2f2e41"/><path d="M861.69883,437.96082c-9.37878-17.97754-2.598-24.82324,7.65564-35.17773a141.13594,141.13594,0,0,0,11.77332-13.01465c15.99695-20.56641,34.563-10.46582,34.74878-10.36084l.10449.05859,4.58716,6.88037c15.11645,15.21338-7.80713,57.01758-9.5481,60.13086L912.1699,476.37l-48.749,4.64258Z" transform="translate(-112.54162 -144.05236)" fill="#5b72e0"/><path d="M880.272,553.36445a11.43315,11.43315,0,0,1,7.46464-15.86272l3.11326-40.50995,16.68324,12.93968L902.019,546.41661a11.49507,11.49507,0,0,1-21.747,6.94784Z" transform="translate(-112.54162 -144.05236)" fill="#ffb8b8"/><path d="M883.80491,534.372,891.68,468.77967l-11.22534-67.875c-.02637-.47607-.58435-11.73242,4.9458-17.8335a11.2912,11.2912,0,0,1,8.18567-3.74707c14.02564-.61425,17.37915,11.0708,17.41126,11.18848l4.56775,72.91748-10.30469,72.13428Z" transform="translate(-112.54162 -144.05236)" fill="#5b72e0"/><path d="M705.45838,755.94764h381a1,1,0,0,0,0-2h-381a1,1,0,0,0,0,2Z" transform="translate(-112.54162 -144.05236)" fill="#ccc"/></svg>
            <p>プランニングに基づいて、サイトに適した配置や色の組み合わせを納得するまで決めていきます。</p>
          </div>
        </li>
        <li class="content">
          <svg viewBox="0 0 550 550" xmlns="http://www.w3.org/2000/svg" xmlns:xlink="http://www.w3.org/1999/xlink" width="620">
            <path id="blob" d="M422.5,351Q367,452,257.5,439Q148,426,82.5,338Q17,250,75,149Q133,48,246.5,54Q360,60,419,155Q478,250,422.5,351Z" fill="#ea756dad">
              <animate 
              attributeName="d"
              repeatCount="indefinite"
              dur="20s"
              values="M428,346.5Q362,443,248,447Q134,451,89.5,350.5Q45,250,89.5,149.5Q134,49,250,49.5Q366,50,430,150Q494,250,428,346.5Z;
              M410,338Q352,426,239.5,444.5Q127,463,72,356.5Q17,250,81,159Q145,68,253.5,61.5Q362,55,415,152.5Q468,250,410,338Z;
              M411.67519,349.65964Q365.15964,449.31928,249.57982,450.15964Q134,451,83.18072,350.5Q32.36144,250,88.97339,159.50553Q145.58535,69.01105,254.73946,61.08535Q363.89357,53.15964,411.04216,151.57982Q458.19075,250,411.67519,349.65964Z;
              M422.5,351Q367,452,257.5,439Q148,426,82.5,338Q17,250,75,149Q133,48,246.5,54Q360,60,419,155Q478,250,422.5,351Z;
              M410.29096,351.5Q367,453,258.57878,438.3687Q150.15756,423.73739,95.94643,336.8687Q41.7353,250,92.31513,157.42122Q142.89496,64.84244,254.1313,58.13235Q365.36765,51.42226,409.47478,150.71113Q453.58192,250,410.29096,351.5Z;
              M409.5,341Q355,432,246.5,438Q138,444,82,347Q26,250,79,148Q132,46,243,58Q354,70,409,160Q464,250,409.5,341Z;
              M425.18852,353.0202Q369.02693,456.0404,256.9798,444.07406Q144.93267,432.10773,79.79128,341.05386Q14.64989,250,72.23742,145.33841Q129.82495,40.67682,247.91921,44.31148Q366.01347,47.94614,423.68179,148.97307Q481.35011,250,425.18852,353.0202Z;
              M425.5,351Q367,452,253.5,446Q140,440,75.5,345Q11,250,70.5,145.5Q130,41,249,43.5Q368,46,426,148Q484,250,425.5,351Z;
              M429.5,348Q363,446,255.5,436.5Q148,427,84,338.5Q20,250,80.5,156Q141,62,255.5,52Q370,42,433,146Q496,250,429.5,348Z">
            </path>
          </svg>
          <div class="text">
            <h4>Coding</h4>
            <svg xmlns="http://www.w3.org/2000/svg" id="b8c64dc2-e86a-49bc-92bf-164106d9e7fb" data-name="Layer 1" width="360" height="130" viewBox="0 0 887.87284 569.68008"><title>proud_coder</title><rect x="276.41138" y="0.34664" width="611.46146" height="391.60712" fill="#e6e6e6"/><rect x="293.89598" y="49.46394" width="576.49225" height="319.32231" fill="#fff"/><rect x="276.1503" width="611.46146" height="25.97712" fill="#5b72e0"/><circle cx="295.45441" cy="13.28088" r="4.81466" fill="#fff"/><circle cx="313.72965" cy="13.28088" r="4.81466" fill="#fff"/><circle cx="332.00489" cy="13.28088" r="4.81466" fill="#fff"/><path d="M863.33045,244.53256H675.64331a1.66587,1.66587,0,0,1,0-3.30318H863.33045a1.66587,1.66587,0,0,1,0,3.30318Z" transform="translate(-156.06358 -165.15996)" fill="#ccc"/><path d="M733.2818,262.7H613.94986a1.66587,1.66587,0,0,1,0-3.30317H733.2818a1.66587,1.66587,0,0,1,0,3.30317Z" transform="translate(-156.06358 -165.15996)" fill="#ccc"/><path d="M863.33045,263.03033H743.9985a1.66587,1.66587,0,0,1,0-3.30317h119.332a1.66587,1.66587,0,0,1,0,3.30317Z" transform="translate(-156.06358 -165.15996)" fill="#ccc"/><path d="M733.57144,280.86747H614.2395a1.66587,1.66587,0,0,1,0-3.30317H733.57144a1.66587,1.66587,0,0,1,0,3.30317Z" transform="translate(-156.06358 -165.15996)" fill="#ccc"/><path d="M733.86108,299.03493H614.52914a1.66587,1.66587,0,0,1,0-3.30317H733.86108a1.66587,1.66587,0,0,1,0,3.30317Z" transform="translate(-156.06358 -165.15996)" fill="#ccc"/><path d="M788.02388,280.86747H753.84629a1.66587,1.66587,0,0,1,0-3.30317h34.17759a1.66587,1.66587,0,0,1,0,3.30317Z" transform="translate(-156.06358 -165.15996)" fill="#ccc"/><path d="M788.02388,298.70461H753.84629a1.66587,1.66587,0,0,1,0-3.30317h34.17759a1.66587,1.66587,0,0,1,0,3.30317Z" transform="translate(-156.06358 -165.15996)" fill="#ccc"/><path d="M845.37273,298.70461h-34.1776a1.66587,1.66587,0,0,1,0-3.30317h34.1776a1.66587,1.66587,0,0,1,0,3.30317Z" transform="translate(-156.06358 -165.15996)" fill="#ccc"/><path d="M647.25853,244.53256h-34.1776a1.66587,1.66587,0,0,1,0-3.30318h34.1776a1.66587,1.66587,0,0,1,0,3.30318Z" transform="translate(-156.06358 -165.15996)" fill="#ccc"/><path d="M732.84734,452.83835H613.51539a1.66587,1.66587,0,0,1,0-3.30317h119.332a1.66587,1.66587,0,0,1,0,3.30317Z" transform="translate(-156.06358 -165.15996)" fill="#ccc"/><path d="M732.26806,489.17327H612.93611a1.66587,1.66587,0,0,1,0-3.30318h119.332a1.66587,1.66587,0,0,1,0,3.30318Z" transform="translate(-156.06358 -165.15996)" fill="#ccc"/><path d="M732.5577,507.34073H613.22575a1.66587,1.66587,0,0,1,0-3.30318h119.332a1.66587,1.66587,0,0,1,0,3.30318Z" transform="translate(-156.06358 -165.15996)" fill="#ccc"/><path d="M783.53445,489.50359H749.35686a1.66587,1.66587,0,0,1,0-3.30318h34.17759a1.66587,1.66587,0,0,1,0,3.30318Z" transform="translate(-156.06358 -165.15996)" fill="#ccc"/><path d="M783.53445,507.34073H749.35686a1.66587,1.66587,0,0,1,0-3.30318h34.17759a1.66587,1.66587,0,0,1,0,3.30318Z" transform="translate(-156.06358 -165.15996)" fill="#ccc"/><path d="M840.8833,489.50359H806.7057a1.66587,1.66587,0,0,1,0-3.30318h34.1776a1.66587,1.66587,0,0,1,0,3.30318Z" transform="translate(-156.06358 -165.15996)" fill="#ccc"/><path d="M863.47527,471.00581H675.78813a1.66587,1.66587,0,0,1,0-3.30317H863.47527a1.66587,1.66587,0,0,1,0,3.30317Z" transform="translate(-156.06358 -165.15996)" fill="#ccc"/><path d="M647.40335,471.00581h-34.1776a1.66587,1.66587,0,0,1,0-3.30317h34.1776a1.66587,1.66587,0,0,1,0,3.30317Z" transform="translate(-156.06358 -165.15996)" fill="#ccc"/><polygon points="547.965 163.221 501.622 208.985 547.965 254.748 558.392 244.321 523.345 209.274 558.681 173.938 547.965 163.221" fill="#e6e6e6"/><polygon points="616.32 163.221 662.662 208.985 616.32 254.748 605.893 244.321 640.939 209.274 605.603 173.938 616.32 163.221" fill="#e6e6e6"/><polygon points="547.965 163.221 501.622 208.985 547.965 254.748 558.392 244.321 523.345 209.274 558.681 173.938 547.965 163.221" fill="#5b72e0"/><polygon points="616.32 163.221 662.662 208.985 616.32 254.748 605.893 244.321 640.939 209.274 605.603 173.938 616.32 163.221" fill="#5b72e0"/><path d="M626.6665,711.1954c14.41965,19.311,44.352,21.34353,44.352,21.34353s6.55352-29.2768-7.86613-48.5878-44.352-21.34353-44.352-21.34353S612.24685,691.88439,626.6665,711.1954Z" transform="translate(-156.06358 -165.15996)" fill="#e6e6e6"/><path d="M700.12323,718.455c-9.5151,12.74275-29.26658,14.08395-29.26658,14.08395s-4.32447-19.31887,5.19062-32.06162,29.26658-14.084,29.26658-14.084S709.63832,705.71222,700.12323,718.455Z" transform="translate(-156.06358 -165.15996)" fill="#e6e6e6"/><polygon points="149.825 460.994 149.825 511.12 135.503 511.12 125.956 458.607 149.825 460.994" fill="#ffb9b9"/><polygon points="36.445 460.994 36.445 511.12 22.124 511.12 12.576 458.607 36.445 460.994" fill="#ffb9b9"/><path d="M268.06126,256.64223s-23.014-16.54132-25.89076-8.63026S259.431,270.3068,259.431,270.3068Z" transform="translate(-156.06358 -165.15996)" fill="#ffb9b9"/><path d="M186.43344,277.85827c0,28.59815,12.31285,29.4867,32.37127,29.4867s40.2667-.88855,40.2667-29.4867-16.26056-51.78152-36.319-51.78152S186.43344,249.26012,186.43344,277.85827Z" transform="translate(-156.06358 -165.15996)" fill="#2f2e41"/><path d="M235.69781,277.49868s-2.87676,21.57563,10.78781,23.014-44.58964,5.7535-44.58964,5.7535,15.10294-13.66457,7.19188-24.45239S235.69781,277.49868,235.69781,277.49868Z" transform="translate(-156.06358 -165.15996)" fill="#ffb9b9"/><path d="M308.33578,662.98336l5.03431,42.43208s25.17158,30.92508,9.34944,28.76751-25.89076.45876-25.89076-2.418-.372-13.155-2.52959-13.155-3.9431,16.23013-3.9431,16.23013-6.47269-.48981-7.19188-1.209-1.43837-41.88017-1.43837-41.88017-2.15757-12.22619,2.15756-17.9797,3.59594-10.78781,3.59594-10.78781Z" transform="translate(-156.06358 -165.15996)" fill="#2f2e41"/><path d="M193.76255,662.51677l5.03431,42.43208s25.17158,30.92508,9.34945,28.76751-25.89077.45876-25.89077-2.418-.372-13.155-2.52958-13.155-3.94311,16.23013-3.94311,16.23013-6.47269-.48981-7.19188-1.209-1.43837-41.88017-1.43837-41.88017-2.15756-12.22619,2.15756-17.9797,3.59594-10.78781,3.59594-10.78781Z" transform="translate(-156.06358 -165.15996)" fill="#2f2e41"/><path d="M270.938,410.54843s23.014,65.44609,24.45239,79.82985-1.43838,63.28853-1.43838,63.28853,20.85645,84.49856,16.54132,85.21775-28.3456,4.12889-29.06478.533-3.28315-9.16321-2.564-11.32077S276.707,618.02811,276.707,613.713s-10.08416-26.96353-9.365-30.55947-12.22619-56.81584-14.38376-61.131-7.91106-34.521-7.91106-34.521-32.36346,88.46011-33.08264,90.61767-3.59594,5.75351-2.15757,6.47269-2.15756,5.75351-2.15756,5.75351-7.45231,29.84028-7.45231,31.27866,1.43838,17.71926-1.43837,18.43845-32.26142.67328-33.6998-4.361,15.26134-63.33577,15.26134-63.33577,12.2262-36.67858,8.63026-46.028,3.59594-65.4461,6.47269-69.76122,3.59594-30.20589,3.59594-30.20589Z" transform="translate(-156.06358 -165.15996)" fill="#2f2e41"/><circle cx="67.04844" cy="101.1913" r="23.01401" fill="#ffb9b9"/><path d="M235.69781,295.47837s-25.89077.71919-27.32914-1.43837-37.39777,5.03431-37.39777,19.41807,20.85645,70.48041,20.85645,70.48041,7.91106,40.27451,5.7535,44.58964,79.82985-9.34944,77.67229-16.54132-14.38376-23.014,1.43837-36.67858,22.29483-28.04832,22.29483-28.04832l-18.69889-49.624s-18.69888-2.87676-23.014,0S235.69781,295.47837,235.69781,295.47837Z" transform="translate(-156.06358 -165.15996)" fill="#5b72e0"/><path d="M293.952,350.85584l5.03432-3.59594s46.7472-48.90478,34.521-58.25422S303.30146,271.026,294.67121,270.3068s-15.82213-7.19188-15.82213-7.19188-9.34945-16.54132-16.54132-5.7535-15.10295,14.38375-5.03432,17.97969,16.54132,2.15757,21.57564,5.75351,24.45238,9.34944,15.82213,11.507a77.19464,77.19464,0,0,0-14.38376,5.03432L270.938,314.17726Z" transform="translate(-156.06358 -165.15996)" fill="#5b72e0"/><path d="M212.68379,472.39858s18.69889,27.32914,5.03432,25.89076-20.13726-20.13726-20.13726-20.13726Z" transform="translate(-156.06358 -165.15996)" fill="#ffb9b9"/><path d="M176.00521,309.86213l-5.03431,3.59594s-16.54132,90.61767,0,114.35086,17.9797,22.29483,17.9797,22.29483,2.87675-2.15757,4.31512,12.22619-.71918,20.13726,3.59594,20.13726,23.7332-4.31513,22.29483-7.91107-10.78782-24.45238-11.507-29.4867-4.31513-16.54132-5.7535-23.014,6.47269-10.06863,2.87675-23.7332-8.63026-38.11695-8.63026-43.15127S176.00521,309.86213,176.00521,309.86213Z" transform="translate(-156.06358 -165.15996)" fill="#5b72e0"/><path d="M200.8172,245.85441c0,7.74533,10.62571,14.02416,23.73319,14.02416s25.17158,4.1494,25.17158-3.59594-12.06409-24.45238-25.17158-24.45238S200.8172,238.10908,200.8172,245.85441Z" transform="translate(-156.06358 -165.15996)" fill="#2f2e41"/><path d="M258.85586,282.712s.96872,26.07138-24.939,24.633,3.50113-22.2854,3.50113-22.2854Z" transform="translate(-156.06358 -165.15996)" fill="#2f2e41"/><rect y="567.37896" width="702.90551" height="2.24072" fill="#3f3d56"/></svg>
            <p>Webサイトをブラウザ上で見られるように視覚化し、また、サイトに動きを追加していきます。</p>
          </div>
        </li>
        <li class="content">
          <svg viewBox="0 0 550 550" xmlns="http://www.w3.org/2000/svg" xmlns:xlink="http://www.w3.org/1999/xlink" width="620">
            <path id="blob" d="M422.5,351Q367,452,257.5,439Q148,426,82.5,338Q17,250,75,149Q133,48,246.5,54Q360,60,419,155Q478,250,422.5,351Z" fill="#ea756dad">
              <animate 
              attributeName="d"
              repeatCount="indefinite"
              dur="20s"
              values="M428,346.5Q362,443,248,447Q134,451,89.5,350.5Q45,250,89.5,149.5Q134,49,250,49.5Q366,50,430,150Q494,250,428,346.5Z;
              M422.5,351Q367,452,257.5,439Q148,426,82.5,338Q17,250,75,149Q133,48,246.5,54Q360,60,419,155Q478,250,422.5,351Z;
              M410,338Q352,426,239.5,444.5Q127,463,72,356.5Q17,250,81,159Q145,68,253.5,61.5Q362,55,415,152.5Q468,250,410,338Z;
              M409.5,341Q355,432,246.5,438Q138,444,82,347Q26,250,79,148Q132,46,243,58Q354,70,409,160Q464,250,409.5,341Z;
              M411.67519,349.65964Q365.15964,449.31928,249.57982,450.15964Q134,451,83.18072,350.5Q32.36144,250,88.97339,159.50553Q145.58535,69.01105,254.73946,61.08535Q363.89357,53.15964,411.04216,151.57982Q458.19075,250,411.67519,349.65964Z;
              M425.5,351Q367,452,253.5,446Q140,440,75.5,345Q11,250,70.5,145.5Q130,41,249,43.5Q368,46,426,148Q484,250,425.5,351Z;
              M410.29096,351.5Q367,453,258.57878,438.3687Q150.15756,423.73739,95.94643,336.8687Q41.7353,250,92.31513,157.42122Q142.89496,64.84244,254.1313,58.13235Q365.36765,51.42226,409.47478,150.71113Q453.58192,250,410.29096,351.5Z;
              M425.18852,353.0202Q369.02693,456.0404,256.9798,444.07406Q144.93267,432.10773,79.79128,341.05386Q14.64989,250,72.23742,145.33841Q129.82495,40.67682,247.91921,44.31148Q366.01347,47.94614,423.68179,148.97307Q481.35011,250,425.18852,353.0202Z;
              M429.5,348Q363,446,255.5,436.5Q148,427,84,338.5Q20,250,80.5,156Q141,62,255.5,52Q370,42,433,146Q496,250,429.5,348Z">
            </path>
          </svg>
          <div class="text">
            <h4>Responsive</h4>
